[gd_scene load_steps=4 format=3 uid="uid://cu8l5o17qk5o5"]

[ext_resource type="Material" uid="uid://o872c8nywhx5" path="res://scenes/prototypes/kenney_prototype_textures/materials/grey_grid.tres" id="1_64ofg"]
[ext_resource type="PackedScene" uid="uid://dmk7w4h7y6k" path="res://prefabs/tools/prototyping/door_csg.tscn" id="2_5iilh"]
[ext_resource type="Material" uid="uid://cmbebk8h1r2wg" path="res://scenes/prototypes/kenney_prototype_textures/materials/orange_grid.tres" id="3_d7508"]

[node name="Level1_BlockingMap" type="Node3D"]

[node name="CSGCombiner3D" type="CSGCombiner3D" parent="."]
material_override = ExtResource("1_64ofg")
use_collision = true

[node name="CSGBox3D" type="CSGBox3D" parent="CSGCombiner3D"]
size = Vector3(30, 0.2, 30)

[node name="CSGBox3D6" type="CSGBox3D" parent="CSGCombiner3D/CSGBox3D"]
transform = Transform3D(1, 0, 0, 0, 1, 0, 0, 0, 1, -5.75, 2.25, 13.75)
size = Vector3(17.5, 5.5, 2.5)

[node name="CSGBox3D" type="CSGBox3D" parent="CSGCombiner3D/CSGBox3D/CSGBox3D6"]
transform = Transform3D(1, 0, 0, 0, 1, 0, 0, 0, 1, 2, 3.117, -1.1001)
size = Vector3(13, 0.740234, 0.125)

[node name="CSGBox3D" type="CSGBox3D" parent="CSGCombiner3D/CSGBox3D"]
transform = Transform3D(1, 0, 0, 0, 1, 0, 0, 0, 1, -0.25, 2.75, -13.625)
size = Vector3(15, 5.5, 2.25)

[node name="CSGBox3D2" type="CSGBox3D" parent="CSGCombiner3D"]
transform = Transform3D(1, 0, 0, 0, 1, 0, 0, 0, 1, -14.75, 6.6875, 0)
size = Vector3(0.5, 14.625, 30)

[node name="CSGDoor" parent="CSGCombiner3D/CSGBox3D2" instance=ExtResource("2_5iilh")]
transform = Transform3D(-4.37114e-08, 0, 1, 0, 1, 0, -1, 0, -4.37114e-08, 0, -4.125, 0)

[node name="CSGBox3D" type="CSGBox3D" parent="CSGCombiner3D/CSGBox3D2"]
transform = Transform3D(1, 0, 0, 0, 1, 0, 0, 0, 1, 0.625, -6, 0.125)
size = Vector3(2.25, 1.25, 4.25)

[node name="CSGBox3D3" type="CSGBox3D" parent="CSGCombiner3D"]
transform = Transform3D(1, 0, 0, 0, 1, 0, 0, 0, 1, 14.75, 7, 0)
size = Vector3(0.5, 14, 30)

[node name="CSGDoor" parent="CSGCombiner3D/CSGBox3D3" instance=ExtResource("2_5iilh")]
transform = Transform3D(-4.37114e-08, 0, 1, 0, 1, 0, -1, 0, -4.37114e-08, 0, -4.5, 0)

[node name="CSGDoor2" parent="CSGCombiner3D/CSGBox3D3" instance=ExtResource("2_5iilh")]
transform = Transform3D(-4.37114e-08, 0, 1, 0, 1, 0, -1, 0, -4.37114e-08, 0, 1.76, 0)

[node name="CSGBox3D" type="CSGBox3D" parent="CSGCombiner3D/CSGBox3D3"]
transform = Transform3D(1, 0, 0, 0, 1, 0, 0, 0, 1, -1, 0.25, 0)
size = Vector3(1.5, 0.5, 2)

[node name="CSGBox3D4" type="CSGBox3D" parent="CSGCombiner3D"]
transform = Transform3D(-4.37114e-08, 0, 1, 0, 1, 0, -1, 0, -4.37114e-08, -0.25, 7, 15)
size = Vector3(0.5, 14, 30)

[node name="CSGDoor" parent="CSGCombiner3D/CSGBox3D4" instance=ExtResource("2_5iilh")]
transform = Transform3D(-4.37114e-08, 0, -1, 0, 1, 0, 1, 0, -4.37114e-08, 0, -0.740001, 0)

[node name="CSGBox3D2" type="CSGBox3D" parent="CSGCombiner3D/CSGBox3D4"]
transform = Transform3D(-4.37114e-08, 0, -1, 0, 1, 0, 1, 0, -4.37114e-08, 16.125, -6.375, 14.25)
size = Vector3(2.5, 1.25, 6.75)

[node name="CSGBox3D5" type="CSGBox3D" parent="CSGCombiner3D"]
transform = Transform3D(-4.37114e-08, 0, 1, 0, 1, 0, -1, 0, -4.37114e-08, -0.25, 7, -15)
size = Vector3(0.5, 14, 60.5)

[node name="CSGDoor" parent="CSGCombiner3D/CSGBox3D5" instance=ExtResource("2_5iilh")]
transform = Transform3D(-4.37114e-08, 0, 1, 0, 1, 0, -1, 0, -4.37114e-08, 0, -0.239997, 0)

[node name="Pillars" type="CSGCombiner3D" parent="."]
material_override = ExtResource("3_d7508")
use_collision = true

[node name="Pillar1" type="CSGBox3D" parent="Pillars"]
transform = Transform3D(1, 0, 0, 0, 1, 0, 0, 0, 1, 6, 7.125, -4.5)
size = Vector3(1, 14.25, 1)

[node name="CSGBox3D" type="CSGBox3D" parent="Pillars/Pillar1"]
transform = Transform3D(1, 0, 0, 0, 1, 0, 0, 0, 1, 0.395259, -0.493896, 0.383544)
operation = 2
size = Vector3(1, 1.98779, 1)

[node name="CSGBox3D2" type="CSGBox3D" parent="Pillars/Pillar1"]
transform = Transform3D(1, 0, 0, 0, 1, 0, 0, 0, 1, -0.471929, 2.61667, -0.0898452)
operation = 2
size = Vector3(1, 1.98779, 1)

[node name="CSGBox3D3" type="CSGBox3D" parent="Pillars/Pillar1"]
transform = Transform3D(1, 0, 0, 0, 1, 0, 0, 0, 1, -0.368536, -3.22539, 0.375972)
size = Vector3(0.7, 1.49133, 0.7)

[node name="CSGBox3D4" type="CSGBox3D" parent="Pillars/Pillar1"]
transform = Transform3D(1, 0, 0, 0, 1, 0, 0, 0, 1, 0.510558, 1.63332, 0.375972)
size = Vector3(0.7, 1.49133, 0.7)

[node name="CSGBox3D5" type="CSGBox3D" parent="Pillars/Pillar1"]
transform = Transform3D(1, 0, 0, 0, 1, 0, 0, 0, 1, 0.302086, 2.68049, -0.391754)
size = Vector3(0.7, 1.49133, 0.7)

[node name="Pillar2" type="CSGBox3D" parent="Pillars"]
transform = Transform3D(-4.37114e-08, 0, 1, 0, 1, 0, -1, 0, -4.37114e-08, -6.5, 5.75, -2.5)
size = Vector3(1, 11.5, 1)

[node name="CSGBox3D" type="CSGBox3D" parent="Pillars/Pillar2"]
transform = Transform3D(1, 0, 0, 0, 1, 0, 0, 0, 1, 0.395259, -0.493896, 0.383544)
operation = 2
size = Vector3(1, 1.98779, 1)

[node name="CSGBox3D2" type="CSGBox3D" parent="Pillars/Pillar2"]
transform = Transform3D(1, 0, 0, 0, 1, 0, 0, 0, 1, -0.471929, 2.61667, -0.0898452)
operation = 2
size = Vector3(1, 1.98779, 1)

[node name="CSGBox3D3" type="CSGBox3D" parent="Pillars/Pillar2"]
transform = Transform3D(1, 0, 0, 0, 1, 0, 0, 0, 1, -0.368536, -3.22539, 0.375972)
size = Vector3(0.7, 1.49133, 0.7)

[node name="CSGBox3D4" type="CSGBox3D" parent="Pillars/Pillar2"]
transform = Transform3D(1, 0, 0, 0, 1, 0, 0, 0, 1, 0.510558, 1.63332, 0.375972)
size = Vector3(0.7, 1.49133, 0.7)

[node name="CSGBox3D5" type="CSGBox3D" parent="Pillars/Pillar2"]
transform = Transform3D(1, 0, 0, 0, 1, 0, 0, 0, 1, 0.302086, 2.68049, -0.391754)
size = Vector3(0.7, 1.49133, 0.7)

[node name="Pillar3" type="CSGBox3D" parent="Pillars"]
transform = Transform3D(1, 0, 0, 0, 1, 0, 0, 0, 1, 7, 5, 6.5)
size = Vector3(1, 10, 1)

[node name="CSGBox3D" type="CSGBox3D" parent="Pillars/Pillar3"]
transform = Transform3D(1, 0, 0, 0, 1, 0, 0, 0, 1, 0.395259, -0.493896, 0.383544)
operation = 2
size = Vector3(1, 1.98779, 1)

[node name="CSGBox3D2" type="CSGBox3D" parent="Pillars/Pillar3"]
transform = Transform3D(1, 0, 0, 0, 1, 0, 0, 0, 1, -0.471929, 2.61667, -0.0898452)
operation = 2
size = Vector3(1, 1.98779, 1)

[node name="CSGBox3D3" type="CSGBox3D" parent="Pillars/Pillar3"]
transform = Transform3D(1, 0, 0, 0, 1, 0, 0, 0, 1, -0.368536, -3.22539, 0.375972)
size = Vector3(0.7, 1.49133, 0.7)

[node name="CSGBox3D4" type="CSGBox3D" parent="Pillars/Pillar3"]
transform = Transform3D(1, 0, 0, 0, 1, 0, 0, 0, 1, 0.510558, 1.63332, 0.375972)
size = Vector3(0.7, 1.49133, 0.7)

[node name="CSGBox3D5" type="CSGBox3D" parent="Pillars/Pillar3"]
transform = Transform3D(1, 0, 0, 0, 1, 0, 0, 0, 1, 0.302086, 2.68049, -0.391754)
size = Vector3(0.7, 1.49133, 0.7)

[node name="Pillar4" type="CSGBox3D" parent="Pillars"]
transform = Transform3D(1, 0, 0, 0, 1, 0, 0, 0, 1, 1.5, 5.625, 0)
size = Vector3(1, 11.25, 1)

[node name="CSGBox3D" type="CSGBox3D" parent="Pillars/Pillar4"]
transform = Transform3D(1, 0, 0, 0, 1, 0, 0, 0, 1, 0.395259, -0.493896, 0.383544)
operation = 2
size = Vector3(1, 1.98779, 1)

[node name="CSGBox3D2" type="CSGBox3D" parent="Pillars/Pillar4"]
transform = Transform3D(1, 0, 0, 0, 1, 0, 0, 0, 1, -0.471929, 2.61667, -0.0898452)
operation = 2
size = Vector3(1, 1.98779, 1)

[node name="CSGBox3D3" type="CSGBox3D" parent="Pillars/Pillar4"]
transform = Transform3D(1, 0, 0, 0, 1, 0, 0, 0, 1, -0.368536, -3.22539, 0.375972)
size = Vector3(0.7, 1.49133, 0.7)

[node name="CSGBox3D4" type="CSGBox3D" parent="Pillars/Pillar4"]
transform = Transform3D(1, 0, 0, 0, 1, 0, 0, 0, 1, 0.510558, 1.63332, 0.375972)
size = Vector3(0.7, 1.49133, 0.7)

[node name="CSGBox3D5" type="CSGBox3D" parent="Pillars/Pillar4"]
transform = Transform3D(1, 0, 0, 0, 1, 0, 0, 0, 1, 0.302086, 2.68049, -0.391754)
size = Vector3(0.7, 1.49133, 0.7)

[node name="Pillar5" type="CSGBox3D" parent="Pillars"]
transform = Transform3D(1, 0, 0, 0, 1, 0, 0, 0, 1, 1.5, 5, -8.5)
size = Vector3(1, 10, 1)

[node name="CSGBox3D" type="CSGBox3D" parent="Pillars/Pillar5"]
transform = Transform3D(1, 0, 0, 0, 1, 0, 0, 0, 1, 0.395259, -0.493896, 0.383544)
operation = 2
size = Vector3(1, 1.98779, 1)

[node name="CSGBox3D2" type="CSGBox3D" parent="Pillars/Pillar5"]
transform = Transform3D(1, 0, 0, 0, 1, 0, 0, 0, 1, -0.471929, 2.61667, -0.0898452)
operation = 2
size = Vector3(1, 1.98779, 1)

[node name="CSGBox3D3" type="CSGBox3D" parent="Pillars/Pillar5"]
transform = Transform3D(1, 0, 0, 0, 1, 0, 0, 0, 1, -0.368536, -3.22539, 0.375972)
size = Vector3(0.7, 1.49133, 0.7)

[node name="CSGBox3D4" type="CSGBox3D" parent="Pillars/Pillar5"]
transform = Transform3D(1, 0, 0, 0, 1, 0, 0, 0, 1, 0.510558, 1.63332, 0.375972)
size = Vector3(0.7, 1.49133, 0.7)

[node name="CSGBox3D5" type="CSGBox3D" parent="Pillars/Pillar5"]
transform = Transform3D(1, 0, 0, 0, 1, 0, 0, 0, 1, 0.302086, 2.68049, -0.391754)
size = Vector3(0.7, 1.49133, 0.7)

[node name="CSGCombiner3D3" type="CSGCombiner3D" parent="."]
transform = Transform3D(1, 0, 0, 0, 1, 0, 0, 0, 1, 0, 5, 15)
material_override = ExtResource("1_64ofg")
use_collision = true

[node name="CSGBox3D" type="CSGBox3D" parent="CSGCombiner3D3"]
transform = Transform3D(1, 0, 0, 0, 1, 0, 0, 0, 1, -0.25, -0.5, 4.73926)
size = Vector3(3.5, 1, 9)

[node name="CSGBox3D" type="CSGBox3D" parent="CSGCombiner3D3/CSGBox3D"]
transform = Transform3D(1, 0, 0, 0, 1, 0, 0, 0, 1, -1.625, 2, 0)
size = Vector3(0.25, 3, 9)

[node name="CSGBox3D2" type="CSGBox3D" parent="CSGCombiner3D3/CSGBox3D"]
transform = Transform3D(1, 0, 0, 0, 1, 0, 0, 0, 1, 1.625, 2, 0)
size = Vector3(0.25, 3, 9)

[node name="CSGBox3D3" type="CSGBox3D" parent="CSGCombiner3D3/CSGBox3D"]
transform = Transform3D(-4.37114e-08, -1, 0, 1, -4.37114e-08, 0, 0, 0, 1, 0, 3.5, 0)
size = Vector3(0.25, 3.25, 9)

[node name="CSGBox3D4" type="CSGBox3D" parent="CSGCombiner3D3/CSGBox3D"]
transform = Transform3D(1, 0, 0, 0, 1, 0, 0, 0, 1, 0, -18, 46.5)
size = Vector3(12.5, 1, 74)

[node name="CSGBox3D11" type="CSGBox3D" parent="CSGCombiner3D3/CSGBox3D/CSGBox3D4"]
transform = Transform3D(0.965926, -0.258819, 0, 0.258819, 0.965926, 0, 0, 0, 1, 5.1228, 2.40771, 0.031002)
size = Vector3(0.25, 6, 74)

[node name="CSGBox3D10" type="CSGBox3D" parent="CSGCombiner3D3/CSGBox3D/CSGBox3D4"]
transform = Transform3D(0.965926, 0.258819, 0, -0.258819, 0.965926, 0, 0, 0, 1, -5.2478, 2.40771, 0.031002)
size = Vector3(0.25, 6, 74)

[node name="CSGBox3D16" type="CSGBox3D" parent="CSGCombiner3D3/CSGBox3D/CSGBox3D4"]
transform = Transform3D(1, 0, 0, 0, 1, 0, 0, 0, 1, 0, 5, 0)
size = Vector3(9.25, 0.25, 74)

[node name="CSGBox3D5" type="CSGBox3D" parent="CSGCombiner3D3/CSGBox3D"]
transform = Transform3D(1, 0, 0, 0, 1, 0, 0, 0, 1, 0, -18, 7)
size = Vector3(5, 1, 5)

[node name="CSGBox3D" type="CSGBox3D" parent="CSGCombiner3D3/CSGBox3D/CSGBox3D5"]
transform = Transform3D(1, 0, 0, 0, 1, 0, 0, 0, 1, 0, 0.625, 0)
size = Vector3(1.5, 0.25, 1.5)

[node name="CSGBox3D6" type="CSGBox3D" parent="CSGCombiner3D3/CSGBox3D"]
transform = Transform3D(1, 0, 0, 0, 1, 0, 0, 0, 1, 2.25, -7, 7)
size = Vector3(0.25, 21, 5)

[node name="CSGBox3D7" type="CSGBox3D" parent="CSGCombiner3D3/CSGBox3D"]
transform = Transform3D(1, 0, 0, 0, 1, 0, 0, 0, 1, -2.25, -7, 7)
size = Vector3(0.25, 21, 5)

[node name="CSGBox3D8" type="CSGBox3D" parent="CSGCombiner3D3/CSGBox3D"]
transform = Transform3D(-4.37114e-08, 0, 1, 0, 1, 0, -1, 0, -4.37114e-08, 0, -8.5, 4.75)
size = Vector3(0.25, 18, 5)

[node name="CSGBox3D9" type="CSGBox3D" parent="CSGCombiner3D3/CSGBox3D"]
transform = Transform3D(-4.37114e-08, 0, 1, 0, 1, 0, -1, 0, -4.37114e-08, 0, -4.75, 9.25)
size = Vector3(0.25, 16.5, 5)

[node name="CSGBox3D12" type="CSGBox3D" parent="CSGCombiner3D3/CSGBox3D"]
transform = Transform3D(1, 0, 0, 0, 1, 0, 0, 0, 1, 0, 3.75, 7.01074)
size = Vector3(5, 0.5, 5)

[node name="CSGBox3D13" type="CSGBox3D" parent="CSGCombiner3D3/CSGBox3D"]
transform = Transform3D(1, 0, 0, 0, 1, 0, 0, 0, 1, 0, 2, 0.375)
size = Vector3(3, 3, 0.25)

[node name="CSGDoor" parent="CSGCombiner3D3/CSGBox3D/CSGBox3D13" instance=ExtResource("2_5iilh")]
transform = Transform3D(1, 0, 0, 0, 1, 0, 0, 0, 1, 0, -0.239996, 0)

[node name="CSGBox3D14" type="CSGBox3D" parent="CSGCombiner3D3/CSGBox3D"]
transform = Transform3D(1, 0, 0, 0, 1, 0, 0, 0, 1, -1.5, -10.75, 8.5)
size = Vector3(1.5, 0.5, 1.5)

[node name="CSGBox3D15" type="CSGBox3D" parent="CSGCombiner3D3/CSGBox3D"]
transform = Transform3D(1, 0, 0, 0, 1, 0, 0, 0, 1, 1.5, -5.25, 5.5)
size = Vector3(1.5, 0.5, 1.5)

[node name="CSGBox3D10" type="CSGBox3D" parent="CSGCombiner3D3/CSGBox3D"]
transform = Transform3D(1, 0, 0, 0, 1, 0, 0, 0, 1, 0, -15.25, 9.375)
size = Vector3(11.25, 4.5, 0.25)

[node name="CSGBox3D" type="CSGBox3D" parent="CSGCombiner3D3/CSGBox3D/CSGBox3D10"]
operation = 2
size = Vector3(4.25, 4.5, 1)

[node name="CSGBox3D6" type="CSGBox3D" parent="CSGCombiner3D3"]
transform = Transform3D(1, 0, 0, 0, 1, 0, 0, 0, 1, -16.625, -4.75, -6.625)
size = Vector3(3.25, 2, 47.25)

[node name="CSGBox3D" type="CSGBox3D" parent="CSGCombiner3D3/CSGBox3D6"]
transform = Transform3D(1, 0, 0, 0, 1, 0, 0, 0, 1, -1.5, 1.875, -0.125)
size = Vector3(0.25, 3.25, 47.25)

[node name="CSGBox3D3" type="CSGBox3D" parent="CSGCombiner3D3/CSGBox3D6"]
transform = Transform3D(1, 0, 0, 0, 1, 0, 0, 0, 1, 1.5, 1.3125, 15.125)
size = Vector3(0.25, 4.375, 16.75)

[node name="CSGBox3D2" type="CSGBox3D" parent="CSGCombiner3D3/CSGBox3D6"]
transform = Transform3D(1, 0, 0, 0, 1, 0, 0, 0, 1, 0.125, 3.625, -0.125)
size = Vector3(3.5, 0.25, 47.25)

[node name="CSGBox3D4" type="CSGBox3D" parent="CSGCombiner3D3/CSGBox3D6"]
transform = Transform3D(1, 0, 0, 0, 1, 0, 0, 0, 1, 0.125, 0.1875, 0.375)
operation = 2
size = Vector3(3, 2.125, 6.25)

[node name="CSGBox3D5" type="CSGBox3D" parent="CSGCombiner3D3/CSGBox3D6"]
transform = Transform3D(1, 0, 0, 0, 1, 0, 0, 0, 1, 0, 0.1875, 9.4375)
operation = 2
size = Vector3(2.75, 2.125, 6.125)

[node name="CSGBox3D7" type="CSGBox3D" parent="CSGCombiner3D3"]
transform = Transform3D(1, 0, 0, 0, 1, 0, 0, 0, 1, 16.625, -4.75, -6.625)
size = Vector3(3.25, 2, 47.25)

[node name="CSGBox3D4" type="CSGBox3D" parent="CSGCombiner3D3/CSGBox3D7"]
transform = Transform3D(1, 0, 0, 0, 1, 0, 0, 0, 1, 1.5, 1.875, -0.125)
size = Vector3(0.25, 3.25, 47.25)

[node name="CSGBox3D5" type="CSGBox3D" parent="CSGCombiner3D3/CSGBox3D7"]
transform = Transform3D(1, 0, 0, 0, 1, 0, 0, 0, 1, -1.75, 1.875, 15.125)
size = Vector3(0.25, 3.25, 16.75)

[node name="CSGBox3D6" type="CSGBox3D" parent="CSGCombiner3D3/CSGBox3D7"]
transform = Transform3D(1, 0, 0, 0, 1, 0, 0, 0, 1, -0.125, 3.625, -0.125)
size = Vector3(3.5, 0.25, 47.25)

[node name="CSGBox3D" type="CSGBox3D" parent="CSGCombiner3D3/CSGBox3D7"]
transform = Transform3D(1, 0, 0, 0, 1, 0, 0, 0, 1, -0.125, 0.125, 6.75)
operation = 2
size = Vector3(3, 1.75, 24.5)

[node name="CSGBox3D8" type="CSGBox3D" parent="CSGCombiner3D3"]
transform = Transform3D(1, 0, 0, 0, 1, 0, 0, 0, 1, 16.625, 1.5, -6.625)
size = Vector3(3.25, 2, 47.25)

[node name="CSGBox3D4" type="CSGBox3D" parent="CSGCombiner3D3/CSGBox3D8"]
transform = Transform3D(1, 0, 0, 0, 1, 0, 0, 0, 1, 1.5, 1.875, -0.125)
size = Vector3(0.25, 3.25, 47.25)

[node name="CSGBox3D5" type="CSGBox3D" parent="CSGCombiner3D3/CSGBox3D8"]
transform = Transform3D(1, 0, 0, 0, 1, 0, 0, 0, 1, -1.75, 1.875, 15.125)
size = Vector3(0.25, 3.25, 16.75)

[node name="CSGBox3D6" type="CSGBox3D" parent="CSGCombiner3D3/CSGBox3D8"]
transform = Transform3D(1, 0, 0, 0, 1, 0, 0, 0, 1, -0.125, 3.625, -0.125)
visible = false
size = Vector3(3.5, 0.25, 47.25)

[node name="CSGBox3D" type="CSGBox3D" parent="CSGCombiner3D3/CSGBox3D8"]
transform = Transform3D(1, 0, 0, 0, 1, 0, 0, 0, 1, -0.125, 2.25, 23.3125)
size = Vector3(3, 2.5, 0.375)

[node name="CSGBox3D2" type="CSGBox3D" parent="CSGCombiner3D3"]
transform = Transform3D(1, 0, 0, 0, 1, 0, 0, 0, 1, 0, -4.125, 22)
size = Vector3(55, 0.75, 10)

[node name="CSGBox3D" type="CSGBox3D" parent="CSGCombiner3D3/CSGBox3D2"]
transform = Transform3D(1, 0, 0, 0, 1, 0, 0, 0, 1, 0, 2.375, 4.73937)
size = Vector3(55, 4, 0.5)

[node name="CSGBox3D2" type="CSGBox3D" parent="CSGCombiner3D3/CSGBox3D2"]
transform = Transform3D(1, 0, 0, 0, 1, 0, 0, 0, 1, -27.25, 2.125, 0)
size = Vector3(0.5, 3.5, 9)

[node name="CSGBox3D3" type="CSGBox3D" parent="CSGCombiner3D3/CSGBox3D2"]
transform = Transform3D(1, 0, 0, 0, 1, 0, 0, 0, 1, 27.25, 2.125, 0)
size = Vector3(0.5, 3.5, 9)

[node name="CSGBox3D5" type="CSGBox3D" parent="CSGCombiner3D3/CSGBox3D2"]
transform = Transform3D(1, 0, 0, 0, 1, 0, 0, 0, 1, -0.25, 2.125, 0)
size = Vector3(0.125, 3.5, 9)

[node name="CSGCylinder3D" type="CSGBox3D" parent="CSGCombiner3D3/CSGBox3D2/CSGBox3D5"]
transform = Transform3D(-4.37114e-08, -1, 0, 0.707107, -3.09086e-08, -0.707107, 0.707107, -3.09086e-08, 0.707107, 0, -0.75, 0)
operation = 2
size = Vector3(3, 0.5, 3)

[node name="CSGBox3D8" type="CSGBox3D" parent="CSGCombiner3D3/CSGBox3D2"]
transform = Transform3D(1, 0, 0, 0, 1, 0, 0, 0, 1, 8.75, 2.125, 0)
size = Vector3(0.125, 3.5, 9)

[node name="CSGCylinder3D" type="CSGBox3D" parent="CSGCombiner3D3/CSGBox3D2/CSGBox3D8"]
transform = Transform3D(-4.37114e-08, -1, 0, 0.707107, -3.09086e-08, -0.707107, 0.707107, -3.09086e-08, 0.707107, 0, -0.75, 0)
operation = 2
size = Vector3(3, 0.5, 3)

[node name="CSGBox3D9" type="CSGBox3D" parent="CSGCombiner3D3/CSGBox3D2"]
transform = Transform3D(1, 0, 0, 0, 1, 0, 0, 0, 1, 18.75, 2.125, 0)
size = Vector3(0.125, 3.5, 9)

[node name="CSGCylinder3D" type="CSGBox3D" parent="CSGCombiner3D3/CSGBox3D2/CSGBox3D9"]
transform = Transform3D(-4.37114e-08, -1, 0, 0.707107, -3.09086e-08, -0.707107, 0.707107, -3.09086e-08, 0.707107, 0, -0.75, 0)
operation = 2
size = Vector3(3, 0.5, 3)

[node name="CSGBox3D6" type="CSGBox3D" parent="CSGCombiner3D3/CSGBox3D2"]
transform = Transform3D(1, 0, 0, 0, 1, 0, 0, 0, 1, -9.25, 2.125, 0)
size = Vector3(0.125, 3.5, 9)

[node name="CSGCylinder3D" type="CSGBox3D" parent="CSGCombiner3D3/CSGBox3D2/CSGBox3D6"]
transform = Transform3D(-4.37114e-08, -1, 0, 0.707107, -3.09086e-08, -0.707107, 0.707107, -3.09086e-08, 0.707107, 0, -0.75, 0)
operation = 2
size = Vector3(3, 0.5, 3)

[node name="CSGBox3D7" type="CSGBox3D" parent="CSGCombiner3D3/CSGBox3D2"]
transform = Transform3D(1, 0, 0, 0, 1, 0, 0, 0, 1, -18.25, 2.125, 0)
size = Vector3(0.125, 3.5, 9)

[node name="CSGCylinder3D" type="CSGBox3D" parent="CSGCombiner3D3/CSGBox3D2/CSGBox3D7"]
transform = Transform3D(-4.37114e-08, -1, 0, 0.707107, -3.09086e-08, -0.707107, 0.707107, -3.09086e-08, 0.707107, 0, -0.75, 0)
operation = 2
size = Vector3(3, 0.5, 3)

[node name="CSGBox3D4" type="CSGBox3D" parent="CSGCombiner3D3/CSGBox3D2"]
transform = Transform3D(1, 0, 0, 0, 1, 0, 0, 0, 1, 0, 4.125, -0.25)
size = Vector3(55, 0.5, 9.5)

[node name="CSGCombiner3D2" type="CSGCombiner3D" parent="."]
transform = Transform3D(1, 0, 0, 0, 1, 0, 0, 0, 1, 0, 0, -24)
material_override = ExtResource("1_64ofg")
use_collision = true

[node name="CSGBox3D" type="CSGBox3D" parent="CSGCombiner3D2"]
transform = Transform3D(1, 0, 0, 0, 1, 0, 0, 0, 1, -0.25, 5.125, 2.625)
size = Vector3(1.5, 0.75, 12.25)

[node name="CSGCombiner3D4" type="CSGCombiner3D" parent="."]
transform = Transform3D(1, 0, 0, 0, 1, 0, 0, 0, 1, 0, 0, -40)
material_override = ExtResource("1_64ofg")
use_collision = true

[node name="CSGBox3D" type="CSGBox3D" parent="CSGCombiner3D4"]
transform = Transform3D(1, 0, 0, 0, 1, 0, 0, 0, 1, 0, 0, -21.5)
size = Vector3(65.5, 1, 68.25)

[node name="CSGBox3D2" type="CSGBox3D" parent="CSGCombiner3D4"]
transform = Transform3D(1, 0, 0, 0, 1, 0, 0, 0, 1, 9.75, 6, -15)
visible = false
size = Vector3(0.5, 11, 55)

[node name="CSGBox3D3" type="CSGBox3D" parent="CSGCombiner3D4"]
transform = Transform3D(1, 0, 0, 0, 1, 0, 0, 0, 1, -9.75, 6, -15)
visible = false
size = Vector3(0.5, 11, 55)

[node name="CSGBox3D4" type="CSGBox3D" parent="CSGCombiner3D4"]
transform = Transform3D(1, 0, 0, 0, 1, 0, 0, 0, 1, 0, 8.34863, -16)
size = Vector3(3.25, 15.6973, 11)

[node name="CSGBox3D" type="CSGBox3D" parent="CSGCombiner3D4/CSGBox3D4"]
transform = Transform3D(1, 0, 0, 0, 1, 0, 0, 0, 1, 0, 3.0625, 0)
operation = 2
size = Vector3(2.875, 10.875, 10.5)

[node name="CSGBox3D2" type="CSGBox3D" parent="CSGCombiner3D4/CSGBox3D4"]
transform = Transform3D(1, 0, 0, 0, 1, 0, 0, 0, 1, 0, -0.0361309, -10.25)
size = Vector3(0.5, 15.625, 9.5)

[node name="CSGBox3D" type="CSGBox3D" parent="CSGCombiner3D4/CSGBox3D4/CSGBox3D2"]
transform = Transform3D(1, 0, 0, 0, 0.866025, 0.5, 0, -0.5, 0.866025, 0, 7.375, -3.125)
operation = 2
size = Vector3(1, 3, 7.625)

[node name="CSGDoor" parent="CSGCombiner3D4/CSGBox3D4" instance=ExtResource("2_5iilh")]
transform = Transform3D(1, 0, 0, 0, 1, 0, 0, 0, 1, -0.875, 2.41137, -5.25)

[node name="CSGDoor2" parent="CSGCombiner3D4/CSGBox3D4" instance=ExtResource("2_5iilh")]
transform = Transform3D(1, 0, 0, 0, 1, 0, 0, 0, 1, 0.875, 2.41137, -5.25)

[node name="CSGBox3D3" type="CSGBox3D" parent="CSGCombiner3D4/CSGBox3D4"]
transform = Transform3D(1, 0, 0, 0, 1, 0, 0, 0, 1, -0.75, -3.34863, -6)
size = Vector3(1, 9, 1)

[node name="CSGBox3D4" type="CSGBox3D" parent="CSGCombiner3D4/CSGBox3D4"]
transform = Transform3D(1, 0, 0, 0, 1, 0, 0, 0, 1, 0.75, -3.34863, -6)
size = Vector3(1, 9, 1)

[node name="CSGBox3D5" type="CSGBox3D" parent="CSGCombiner3D4/CSGBox3D4"]
transform = Transform3D(1, 0, 0, 0, 1, 0, 0, 0, 1, 0, 8, 0)
size = Vector3(3.25, 0.25, 11)

[node name="CSGBox3D5" type="CSGBox3D" parent="CSGCombiner3D4"]
transform = Transform3D(1, 0, 0, 0, 1, 0, 0, 0, 1, 0, 8.25, 12.375)
size = Vector3(65.5, 15.5, 0.25)

[node name="CSGDoor" parent="CSGCombiner3D4/CSGBox3D5" instance=ExtResource("2_5iilh")]
transform = Transform3D(1, 0, 0, 0, 1, 0, 0, 0, 1, -0.25, -1.49, 0)

[node name="CSGBox3D6" type="CSGBox3D" parent="CSGCombiner3D4"]
transform = Transform3D(1, 0, 0, 0, 1, 0, 0, 0, 1, -0.25, 3, 10.875)
size = Vector3(9.5, 5, 2.75)

[node name="CSGBox3D7" type="CSGBox3D" parent="CSGCombiner3D4"]
transform = Transform3D(0.526148, 0.840081, -0.132029, -0.696813, 0.514895, 0.499334, 0.487462, -0.170725, 0.856291, 21.25, 2.25, 1.75)
size = Vector3(10, 10, 10)

[node name="CSGBox3D8" type="CSGBox3D" parent="CSGCombiner3D4"]
transform = Transform3D(0.526148, 0.840081, -0.132029, -0.696813, 0.514895, 0.499334, 0.487462, -0.170725, 0.856291, 23.75, 2.25, -16.25)
size = Vector3(10, 10, 10)

[node name="CSGBox3D9" type="CSGBox3D" parent="CSGCombiner3D4"]
transform = Transform3D(0.0432669, 0.998169, -0.0422615, -0.813787, 0.0597499, 0.578084, 0.579551, 0.00937998, 0.814882, 17.25, 2.25, -25)
size = Vector3(10, 10, 10)

[node name="CSGBox3D10" type="CSGBox3D" parent="CSGCombiner3D4"]
transform = Transform3D(0.526148, 0.840081, -0.132029, -0.696813, 0.514895, 0.499334, 0.487462, -0.170725, 0.856291, 17, 2.25, -9.25)
size = Vector3(10, 10, 10)

[node name="CSGBox3D11" type="CSGBox3D" parent="CSGCombiner3D4"]
transform = Transform3D(0.526148, 0.840081, -0.132029, -0.696813, 0.514895, 0.499334, 0.487462, -0.170725, 0.856291, 25, 2.25, -33)
size = Vector3(10, 10, 10)

[node name="CSGBox3D17" type="CSGBox3D" parent="CSGCombiner3D4"]
transform = Transform3D(-0.108206, 0.96173, -0.251728, -0.813787, 0.0597499, 0.578084, 0.571002, 0.267406, 0.776177, 16.3468, 2.25, -40.1392)
size = Vector3(10, 10, 10)

[node name="CSGBox3D18" type="CSGBox3D" parent="CSGCombiner3D4"]
transform = Transform3D(0.382056, 0.855643, -0.349155, -0.696813, 0.514895, 0.499334, 0.607029, 0.0525213, 0.792942, 25.9032, 2.25, -45.8608)
size = Vector3(10, 10, 10)

[node name="CSGBox3D12" type="CSGBox3D" parent="CSGCombiner3D4"]
transform = Transform3D(0.526148, 0.840081, -0.132029, -0.696813, 0.514895, 0.499334, 0.487462, -0.170725, 0.856291, -20.25, 2.25, 1.75)
size = Vector3(10, 10, 10)

[node name="CSGBox3D13" type="CSGBox3D" parent="CSGCombiner3D4"]
transform = Transform3D(0.526148, 0.840081, -0.132029, -0.696813, 0.514895, 0.499334, 0.487462, -0.170725, 0.856291, -17.75, 2.25, -16.25)
size = Vector3(10, 10, 10)

[node name="CSGBox3D14" type="CSGBox3D" parent="CSGCombiner3D4"]
transform = Transform3D(0.0432669, 0.998169, -0.0422615, -0.813787, 0.0597499, 0.578084, 0.579551, 0.00937998, 0.814882, -24.25, 2.25, -25)
size = Vector3(10, 10, 10)

[node name="CSGBox3D15" type="CSGBox3D" parent="CSGCombiner3D4"]
transform = Transform3D(0.526148, 0.840081, -0.132029, -0.696813, 0.514895, 0.499334, 0.487462, -0.170725, 0.856291, -24.5, 2.25, -9.25)
size = Vector3(10, 10, 10)

[node name="CSGBox3D16" type="CSGBox3D" parent="CSGCombiner3D4"]
transform = Transform3D(0.526148, 0.840081, -0.132029, -0.696813, 0.514895, 0.499334, 0.487462, -0.170725, 0.856291, -16.5, 2.25, -33)
size = Vector3(10, 10, 10)

[node name="CSGBox3D19" type="CSGBox3D" parent="CSGCombiner3D4"]
transform = Transform3D(0.211927, 0.812894, -0.542486, -0.696813, 0.514895, 0.499334, 0.685228, 0.272188, 0.675555, -22.2345, 2.25, -35.0138)
size = Vector3(10, 10, 10)

[node name="CSGBox3D20" type="CSGBox3D" parent="CSGCombiner3D4"]
transform = Transform3D(-0.252305, 0.85975, -0.444041, -0.813787, 0.0597499, 0.578084, 0.523539, 0.507208, 0.684578, -23.4886, 2.25, -45.8415)
size = Vector3(10, 10, 10)

[node name="CSGBox3D21" type="CSGBox3D" parent="CSGCombiner3D4"]
transform = Transform3D(0.211927, 0.812894, -0.542486, -0.696813, 0.514895, 0.499334, 0.685228, 0.272188, 0.675555, -12.7769, 2.25, -48.8947)
size = Vector3(10, 10, 10)

[node name="CSGBox3D22" type="CSGBox3D" parent="CSGCombiner3D4"]
transform = Transform3D(1, 0, 0, 0, 1, 0, 0, 0, 1, -14.5, 6.625, -28.25)
size = Vector3(1.5, 12.25, 1.75)

[node name="CSGBox3D" type="CSGBox3D" parent="CSGCombiner3D4/CSGBox3D22"]
transform = Transform3D(1, 0, 0, 0, 1, 0, 0, 0, 1, 7.5, 5.5, 0)
size = Vector3(13.5, 0.75, 1)

[node name="CSGBox3D23" type="CSGBox3D" parent="CSGCombiner3D4"]
transform = Transform3D(1, 0, 0, 0, 1, 0, 0, 0, 1, -5.5, 1.00001, -14.2015)
size = Vector3(1.5, 1, 1.5)

[node name="CSGBox3D24" type="CSGBox3D" parent="CSGCombiner3D4"]
transform = Transform3D(1, 0, 0, 0, 1, 0, 0, 0, 1, -4, 3.10785, -19.9515)
size = Vector3(1.5, 5.2157, 1.5)

[node name="CSGBox3D25" type="CSGBox3D" parent="CSGCombiner3D4"]
transform = Transform3D(1, 0, 0, 0, 1, 0, 0, 0, 1, -8.5, 2.00001, -25.7015)
size = Vector3(1.5, 3, 1.5)

[node name="CSGBox3D28" type="CSGBox3D" parent="CSGCombiner3D4"]
transform = Transform3D(1, 0, 0, 0, 1, 0, 0, 0, 1, -4.25, 2.62501, -31.4515)
size = Vector3(1.5, 4.25, 1.5)

[node name="CSGBox3D29" type="CSGBox3D" parent="CSGCombiner3D4"]
transform = Transform3D(1, 0, 0, 0, 1, 0, 0, 0, 1, 0, 1.75, -44)
size = Vector3(1.5, 2.5, 1.5)

[node name="CSGBox3D26" type="CSGBox3D" parent="CSGCombiner3D4"]
transform = Transform3D(1, 0, 0, 0, 1, 0, 0, 0, 1, 7.5, 4, -14)
size = Vector3(1.5, 7, 3)

[node name="CSGBox3D27" type="CSGBox3D" parent="CSGCombiner3D4"]
transform = Transform3D(1, 0, 0, 0, 1, 0, 0, 0, 1, 4.5, 6, -23.625)
size = Vector3(1.5, 11, 4.75)

[node name="CSGBox3D" type="CSGBox3D" parent="CSGCombiner3D4/CSGBox3D27"]
transform = Transform3D(1, 0, 0, 0, 1, 0, 0, 0, 1, 0, 3.625, 1.75)
operation = 2
size = Vector3(1.5, 4.25, 2)
