[gd_scene load_steps=3 format=3 uid="uid://d33fhdw2yl4c8"]

[ext_resource type="Material" uid="uid://o872c8nywhx5" path="res://scenes/prototypes/kenney_prototype_textures/materials/grey_grid.tres" id="1_gniqj"]
[ext_resource type="PackedScene" uid="uid://dmk7w4h7y6k" path="res://prefabs/tools/prototyping/door_csg.tscn" id="2_55hqy"]

[node name="Level1_PlatformingSide_Blocking" type="CSGCombiner3D"]
material_override = ExtResource("1_gniqj")
use_collision = true

[node name="Ground" type="CSGBox3D" parent="."]
transform = Transform3D(1, 0, 0, 0, 1, 0, 0, 0, 1, 0, 0, -74.5)
size = Vector3(160, 1, 174.25)

[node name="BigBuilding_1" type="CSGBox3D" parent="."]
transform = Transform3D(1, 0, 0, 0, 1, 0, 0, 0, 1, 0, 8.34863, -16)
size = Vector3(3.25, 15.6973, 11)

[node name="CSGBox3D" type="CSGBox3D" parent="BigBuilding_1"]
transform = Transform3D(1, 0, 0, 0, 1, 0, 0, 0, 1, 0, 3.0625, 0)
operation = 2
size = Vector3(2.875, 10.875, 10.5)

[node name="CSGBox3D2" type="CSGBox3D" parent="BigBuilding_1"]
transform = Transform3D(1, 0, 0, 0, 1, 0, 0, 0, 1, 0, -0.0361309, -10.25)
size = Vector3(0.5, 15.625, 9.5)

[node name="CSGBox3D" type="CSGBox3D" parent="BigBuilding_1/CSGBox3D2"]
transform = Transform3D(1, 0, 0, 0, 0.866025, 0.5, 0, -0.5, 0.866025, 0, 7.375, -3.125)
operation = 2
size = Vector3(1, 3, 7.625)

[node name="CSGDoor" parent="BigBuilding_1" instance=ExtResource("2_55hqy")]
transform = Transform3D(1, 0, 0, 0, 1, 0, 0, 0, 1, -0.875, 2.41137, -5.25)

[node name="CSGDoor2" parent="BigBuilding_1" instance=ExtResource("2_55hqy")]
transform = Transform3D(1, 0, 0, 0, 1, 0, 0, 0, 1, 0.875, 2.41137, -5.25)

[node name="CSGBox3D3" type="CSGBox3D" parent="BigBuilding_1"]
transform = Transform3D(1, 0, 0, 0, 1, 0, 0, 0, 1, -0.75, -3.34863, -7.25)
size = Vector3(1, 9, 3.5)

[node name="CSGBox3D4" type="CSGBox3D" parent="BigBuilding_1"]
transform = Transform3D(1, 0, 0, 0, 1, 0, 0, 0, 1, 0.75, -3.34863, -7.25)
size = Vector3(1, 9, 3.5)

[node name="CSGBox3D5" type="CSGBox3D" parent="BigBuilding_1"]
transform = Transform3D(1, 0, 0, 0, 1, 0, 0, 0, 1, 0, 8, 0)
size = Vector3(3.25, 0.25, 11)

[node name="BigBuilding_2" type="CSGBox3D" parent="."]
transform = Transform3D(-1, 0, -8.74228e-08, 0, 1, 0, 8.74228e-08, 0, -1, 0, 8.34863, -73.5)
size = Vector3(3.25, 15.6973, 11)

[node name="CSGBox3D" type="CSGBox3D" parent="BigBuilding_2"]
transform = Transform3D(1, 0, 0, 0, 1, 0, 0, 0, 1, 0, 4, 0.25)
operation = 2
size = Vector3(2.875, 6, 11)

[node name="CSGBox3D2" type="CSGBox3D" parent="BigBuilding_2"]
transform = Transform3D(1, 0, 0, 0, 1, 0, 0, 0, 1, 0, -0.0361309, -10.25)
size = Vector3(0.5, 15.625, 9.5)

[node name="CSGBox3D" type="CSGBox3D" parent="BigBuilding_2/CSGBox3D2"]
transform = Transform3D(1, 0, 0, 0, 0.866025, 0.5, 0, -0.5, 0.866025, 0, 7.375, -3.125)
operation = 2
size = Vector3(1, 3, 7.625)

[node name="CSGDoor" parent="BigBuilding_2" instance=ExtResource("2_55hqy")]
transform = Transform3D(1, 0, 0, 0, 1, 0, 0, 0, 1, -0.875, 2.41137, -5.25)

[node name="CSGDoor2" parent="BigBuilding_2" instance=ExtResource("2_55hqy")]
transform = Transform3D(1, 0, 0, 0, 1, 0, 0, 0, 1, 0.875, 2.41137, -5.25)

[node name="CSGBox3D3" type="CSGBox3D" parent="BigBuilding_2"]
transform = Transform3D(1, 0, 0, 0, 1, 0, 0, 0, 1, -0.75, -3.34863, -7.25)
size = Vector3(1, 9, 3.5)

[node name="CSGBox3D4" type="CSGBox3D" parent="BigBuilding_2"]
transform = Transform3D(1, 0, 0, 0, 1, 0, 0, 0, 1, 0.75, -3.34863, -7.25)
size = Vector3(1, 9, 3.5)

[node name="CSGBox3D5" type="CSGBox3D" parent="."]
transform = Transform3D(1, 0, 0, 0, 1, 0, 0, 0, 1, 0, 8.25, 12.375)
size = Vector3(160, 15.5, 0.25)

[node name="CSGDoor" parent="CSGBox3D5" instance=ExtResource("2_55hqy")]
transform = Transform3D(1, 0, 0, 0, 1, 0, 0, 0, 1, -0.25, -1.49, 0)

[node name="CSGBox3D6" type="CSGBox3D" parent="."]
transform = Transform3D(1, 0, 0, 0, 1, 0, 0, 0, 1, -0.25, 3, 10.875)
size = Vector3(9.5, 5, 2.75)

[node name="CSGBox3D7" type="CSGBox3D" parent="."]
transform = Transform3D(0.526148, 0.840081, -0.132029, -0.696813, 0.514895, 0.499334, 0.487462, -0.170725, 0.856291, 21.25, 2.25, 1.75)
size = Vector3(10, 10, 10)

[node name="CSGBox3D8" type="CSGBox3D" parent="."]
transform = Transform3D(0.526148, 0.840081, -0.132029, -0.696813, 0.514895, 0.499334, 0.487462, -0.170725, 0.856291, 23.75, 2.25, -16.25)
size = Vector3(10, 10, 10)

[node name="CSGBox3D9" type="CSGBox3D" parent="."]
transform = Transform3D(0.0432669, 0.998169, -0.0422615, -0.813787, 0.0597499, 0.578084, 0.579551, 0.00937998, 0.814882, 17.25, 2.25, -25)
size = Vector3(10, 10, 10)

[node name="CSGBox3D10" type="CSGBox3D" parent="."]
transform = Transform3D(0.526148, 0.840081, -0.132029, -0.696813, 0.514895, 0.499334, 0.487462, -0.170725, 0.856291, 17, 2.25, -9.25)
size = Vector3(10, 10, 10)

[node name="CSGBox3D11" type="CSGBox3D" parent="."]
transform = Transform3D(0.526148, 0.840081, -0.132029, -0.696813, 0.514895, 0.499334, 0.487462, -0.170725, 0.856291, 25, 2.25, -33)
size = Vector3(10, 10, 10)

[node name="CSGBox3D17" type="CSGBox3D" parent="."]
transform = Transform3D(-0.108206, 0.96173, -0.251728, -0.813787, 0.0597499, 0.578084, 0.571002, 0.267406, 0.776177, 16.3468, 2.25, -40.1392)
size = Vector3(10, 10, 10)

[node name="CSGBox3D18" type="CSGBox3D" parent="."]
transform = Transform3D(0.382056, 0.855643, -0.349155, -0.696813, 0.514895, 0.499334, 0.607029, 0.0525213, 0.792942, 25.9032, 2.25, -45.8608)
size = Vector3(10, 10, 10)

[node name="CSGBox3D12" type="CSGBox3D" parent="."]
transform = Transform3D(0.526148, 0.840081, -0.132029, -0.696813, 0.514895, 0.499334, 0.487462, -0.170725, 0.856291, -20.25, 2.25, 1.75)
size = Vector3(10, 10, 10)

[node name="CSGBox3D13" type="CSGBox3D" parent="."]
transform = Transform3D(0.526148, 0.840081, -0.132029, -0.696813, 0.514895, 0.499334, 0.487462, -0.170725, 0.856291, -17.75, 2.25, -16.25)
size = Vector3(10, 10, 10)

[node name="CSGBox3D14" type="CSGBox3D" parent="."]
transform = Transform3D(0.0432669, 0.998169, -0.0422615, -0.813787, 0.0597499, 0.578084, 0.579551, 0.00937998, 0.814882, -24.25, 2.25, -25)
size = Vector3(10, 10, 10)

[node name="CSGBox3D15" type="CSGBox3D" parent="."]
transform = Transform3D(0.526148, 0.840081, -0.132029, -0.696813, 0.514895, 0.499334, 0.487462, -0.170725, 0.856291, -24.5, 2.25, -9.25)
size = Vector3(10, 10, 10)

[node name="CSGBox3D16" type="CSGBox3D" parent="."]
transform = Transform3D(0.526148, 0.840081, -0.132029, -0.696813, 0.514895, 0.499334, 0.487462, -0.170725, 0.856291, -16.5, 2.25, -33)
size = Vector3(10, 10, 10)

[node name="CSGBox3D19" type="CSGBox3D" parent="."]
transform = Transform3D(0.211927, 0.812894, -0.542486, -0.696813, 0.514895, 0.499334, 0.685228, 0.272188, 0.675555, -22.2345, 2.25, -35.0138)
size = Vector3(10, 10, 10)

[node name="CSGBox3D20" type="CSGBox3D" parent="."]
transform = Transform3D(-0.252305, 0.85975, -0.444041, -0.813787, 0.0597499, 0.578084, 0.523539, 0.507208, 0.684578, -23.4886, 2.25, -45.8415)
size = Vector3(10, 10, 10)

[node name="CSGBox3D21" type="CSGBox3D" parent="."]
transform = Transform3D(0.211927, 0.812894, -0.542486, -0.696813, 0.514895, 0.499334, 0.685228, 0.272188, 0.675555, -12.7769, 2.25, -48.8947)
size = Vector3(10, 10, 10)

[node name="CSGBox3D30" type="CSGBox3D" parent="."]
transform = Transform3D(0.526148, 0.840081, -0.132029, -0.696813, 0.514895, 0.499334, 0.487462, -0.170725, 0.856291, 21.25, 2.25, -56)
size = Vector3(10, 10, 10)

[node name="CSGBox3D31" type="CSGBox3D" parent="."]
transform = Transform3D(0.526148, 0.840081, -0.132029, -0.696813, 0.514895, 0.499334, 0.487462, -0.170725, 0.856291, 23.75, 2.25, -74)
size = Vector3(10, 10, 10)

[node name="CSGBox3D32" type="CSGBox3D" parent="."]
transform = Transform3D(0.0432669, 0.998169, -0.0422615, -0.813787, 0.0597499, 0.578084, 0.579551, 0.00937998, 0.814882, 17.25, 2.25, -82.75)
size = Vector3(10, 10, 10)

[node name="CSGBox3D33" type="CSGBox3D" parent="."]
transform = Transform3D(0.526148, 0.840081, -0.132029, -0.696813, 0.514895, 0.499334, 0.487462, -0.170725, 0.856291, 17, 2.25, -67)
size = Vector3(10, 10, 10)

[node name="CSGBox3D34" type="CSGBox3D" parent="."]
transform = Transform3D(0.526148, 0.840081, -0.132029, -0.696813, 0.514895, 0.499334, 0.487462, -0.170725, 0.856291, 25, 2.25, -90.75)
size = Vector3(10, 10, 10)

[node name="CSGBox3D35" type="CSGBox3D" parent="."]
transform = Transform3D(-0.108206, 0.96173, -0.251728, -0.813787, 0.0597499, 0.578084, 0.571002, 0.267406, 0.776177, 16.3468, 2.25, -97.8892)
size = Vector3(10, 10, 10)

[node name="CSGBox3D36" type="CSGBox3D" parent="."]
transform = Transform3D(0.382056, 0.855643, -0.349155, -0.696813, 0.514895, 0.499334, 0.607029, 0.0525213, 0.792942, 25.9032, 2.25, -103.611)
size = Vector3(10, 10, 10)

[node name="CSGBox3D44" type="CSGBox3D" parent="."]
transform = Transform3D(0.526148, 0.840081, -0.132029, -0.696813, 0.514895, 0.499334, 0.487462, -0.170725, 0.856291, 23.75, 2.25, -118.25)
size = Vector3(10, 10, 10)

[node name="CSGBox3D45" type="CSGBox3D" parent="."]
transform = Transform3D(0.0432669, 0.998169, -0.0422615, -0.813787, 0.0597499, 0.578084, 0.579551, 0.00937998, 0.814882, 17.25, 2.25, -127)
size = Vector3(10, 10, 10)

[node name="CSGBox3D46" type="CSGBox3D" parent="."]
transform = Transform3D(0.526148, 0.840081, -0.132029, -0.696813, 0.514895, 0.499334, 0.487462, -0.170725, 0.856291, 17, 2.25, -111.25)
size = Vector3(10, 10, 10)

[node name="CSGBox3D47" type="CSGBox3D" parent="."]
transform = Transform3D(0.526148, 0.840081, -0.132029, -0.696813, 0.514895, 0.499334, 0.487462, -0.170725, 0.856291, 25, 2.25, -135)
size = Vector3(10, 10, 10)

[node name="CSGBox3D48" type="CSGBox3D" parent="."]
transform = Transform3D(-0.108206, 0.96173, -0.251728, -0.813787, 0.0597499, 0.578084, 0.571002, 0.267406, 0.776177, 16.3468, 2.25, -142.139)
size = Vector3(10, 10, 10)

[node name="CSGBox3D49" type="CSGBox3D" parent="."]
transform = Transform3D(0.382056, 0.855643, -0.349155, -0.696813, 0.514895, 0.499334, 0.607029, 0.0525213, 0.792942, 25.9032, 2.25, -147.861)
size = Vector3(10, 10, 10)

[node name="CSGBox3D37" type="CSGBox3D" parent="."]
transform = Transform3D(0.526148, 0.840081, -0.132029, -0.696813, 0.514895, 0.499334, 0.487462, -0.170725, 0.856291, -20.25, 2.25, -56)
size = Vector3(10, 10, 10)

[node name="CSGBox3D38" type="CSGBox3D" parent="."]
transform = Transform3D(0.526148, 0.840081, -0.132029, -0.696813, 0.514895, 0.499334, 0.487462, -0.170725, 0.856291, -17.75, 2.25, -74)
size = Vector3(10, 10, 10)

[node name="CSGBox3D39" type="CSGBox3D" parent="."]
transform = Transform3D(0.0432669, 0.998169, -0.0422615, -0.813787, 0.0597499, 0.578084, 0.579551, 0.00937998, 0.814882, -24.25, 2.25, -82.75)
size = Vector3(10, 10, 10)

[node name="CSGBox3D40" type="CSGBox3D" parent="."]
transform = Transform3D(0.526148, 0.840081, -0.132029, -0.696813, 0.514895, 0.499334, 0.487462, -0.170725, 0.856291, -24.5, 2.25, -67)
size = Vector3(10, 10, 10)

[node name="CSGBox3D41" type="CSGBox3D" parent="."]
transform = Transform3D(0.526148, 0.840081, -0.132029, -0.696813, 0.514895, 0.499334, 0.487462, -0.170725, 0.856291, -16.5, 2.25, -90.75)
size = Vector3(10, 10, 10)

[node name="CSGBox3D42" type="CSGBox3D" parent="."]
transform = Transform3D(0.211927, 0.812894, -0.542486, -0.696813, 0.514895, 0.499334, 0.685228, 0.272188, 0.675555, -22.2345, 2.25, -92.7638)
size = Vector3(10, 10, 10)

[node name="CSGBox3D43" type="CSGBox3D" parent="."]
transform = Transform3D(-0.252305, 0.85975, -0.444041, -0.813787, 0.0597499, 0.578084, 0.523539, 0.507208, 0.684578, -23.4886, 2.25, -103.591)
size = Vector3(10, 10, 10)

[node name="CSGBox3D50" type="CSGBox3D" parent="."]
transform = Transform3D(0.526148, 0.840081, -0.132029, -0.696813, 0.514895, 0.499334, 0.487462, -0.170725, 0.856291, -17.75, 2.25, -120.75)
size = Vector3(10, 10, 10)

[node name="CSGBox3D51" type="CSGBox3D" parent="."]
transform = Transform3D(0.0432669, 0.998169, -0.0422615, -0.813787, 0.0597499, 0.578084, 0.579551, 0.00937998, 0.814882, -24.25, 2.25, -129.5)
size = Vector3(10, 10, 10)

[node name="CSGBox3D52" type="CSGBox3D" parent="."]
transform = Transform3D(0.526148, 0.840081, -0.132029, -0.696813, 0.514895, 0.499334, 0.487462, -0.170725, 0.856291, -24.5, 2.25, -113.75)
size = Vector3(10, 10, 10)

[node name="CSGBox3D53" type="CSGBox3D" parent="."]
transform = Transform3D(0.526148, 0.840081, -0.132029, -0.696813, 0.514895, 0.499334, 0.487462, -0.170725, 0.856291, -16.5, 2.25, -137.5)
size = Vector3(10, 10, 10)

[node name="CSGBox3D54" type="CSGBox3D" parent="."]
transform = Transform3D(0.211927, 0.812894, -0.542486, -0.696813, 0.514895, 0.499334, 0.685228, 0.272188, 0.675555, -22.2345, 2.25, -139.514)
size = Vector3(10, 10, 10)

[node name="CSGBox3D55" type="CSGBox3D" parent="."]
transform = Transform3D(-0.252305, 0.85975, -0.444041, -0.813787, 0.0597499, 0.578084, 0.523539, 0.507208, 0.684578, -23.4886, 2.25, -150.341)
size = Vector3(10, 10, 10)

[node name="PillarStander_1" type="CSGBox3D" parent="."]
transform = Transform3D(1, 0, 0, 0, 1, 0, 0, 0, 1, -14.5, 6.625, -28.25)
size = Vector3(1.5, 12.25, 1.75)

[node name="CSGBox3D" type="CSGBox3D" parent="PillarStander_1"]
transform = Transform3D(1, 0, 0, 0, 1, 0, 0, 0, 1, 7.5, 5.5, 0)
size = Vector3(13.5, 0.75, 1)

[node name="PillarStander_2" type="CSGBox3D" parent="."]
transform = Transform3D(-1, 0, -8.74228e-08, 0, 1, 0, 8.74228e-08, 0, -1, 13.5, 8.375, -19.25)
size = Vector3(1.5, 15.75, 1.75)

[node name="CSGBox3D" type="CSGBox3D" parent="PillarStander_2"]
transform = Transform3D(1, 0, 0, 0, 1, 0, 0, 0, 1, 6.375, 6.75, 0)
size = Vector3(11.25, 0.75, 1)

[node name="CSGBox3D23" type="CSGBox3D" parent="."]
transform = Transform3D(1, 0, 0, 0, 1, 0, 0, 0, 1, -5.5, 1.00001, -14.2015)
size = Vector3(1.5, 1, 1.5)

[node name="CSGBox3D24" type="CSGBox3D" parent="."]
transform = Transform3D(1, 0, 0, 0, 1, 0, 0, 0, 1, -4, 3.10785, -19.9515)
size = Vector3(1.5, 5.2157, 1.5)

[node name="CSGBox3D25" type="CSGBox3D" parent="."]
transform = Transform3D(1, 0, 0, 0, 1, 0, 0, 0, 1, -8.5, 2.00001, -25.7015)
size = Vector3(1.5, 3, 1.5)

[node name="CSGBox3D28" type="CSGBox3D" parent="."]
transform = Transform3D(1, 0, 0, 0, 1, 0, 0, 0, 1, -4.25, 2.62501, -31.4515)
size = Vector3(1.5, 4.25, 1.5)

[node name="CSGBox3D29" type="CSGBox3D" parent="."]
transform = Transform3D(1, 0, 0, 0, 1, 0, 0, 0, 1, 0, 1.75, -44)
size = Vector3(1.5, 2.5, 1.5)

[node name="CSGBox3D26" type="CSGBox3D" parent="."]
transform = Transform3D(1, 0, 0, 0, 1, 0, 0, 0, 1, 7.5, 4, -14)
size = Vector3(1.5, 7, 3)

[node name="CSGBox3D27" type="CSGBox3D" parent="."]
transform = Transform3D(1, 0, 0, 0, 1, 0, 0, 0, 1, 4.5, 6, -23.625)
size = Vector3(1.5, 11, 4.75)

[node name="CSGBox3D" type="CSGBox3D" parent="CSGBox3D27"]
transform = Transform3D(1, 0, 0, 0, 1, 0, 0, 0, 1, 0, 3.625, 1.75)
operation = 2
size = Vector3(1.5, 4.25, 2)

[node name="CSGBox3D2" type="CSGBox3D" parent="."]
transform = Transform3D(1, 0, 0, 0, 1, 0, 0, 0, 1, 6.5, 0, -31)

[node name="CSGBox3D" type="CSGBox3D" parent="."]
transform = Transform3D(1, 0, 0, 0, 1, 0, 0, 0, 1, 0, 0.625, -103.375)
size = Vector3(36.25, 0.25, 108.75)

[node name="CSGBox3D3" type="CSGBox3D" parent="."]
transform = Transform3D(1, 0, 0, 0, 1, 0, 0, 0, 1, 0, 8.75, -80.125)
size = Vector3(3, 1, 2.25)

[node name="CSGBox3D4" type="CSGBox3D" parent="."]
transform = Transform3D(1, 0, 0, 0, 1, 0, 0, 0, 1, 0, 4.875, -86.5)
size = Vector3(1.25, 8.25, 1.25)

[node name="CSGBox3D22" type="CSGBox3D" parent="."]
transform = Transform3D(1, 0, 0, 0, 1, 0, 0, 0, 1, 3.5, 4.875, -95.5)
size = Vector3(1.25, 8.25, 1.25)

[node name="CSGBox3D59" type="CSGBox3D" parent="."]
transform = Transform3D(1, 0, 0, 0, 1, 0, 0, 0, 1, -3.5, 4.875, -95.5)
size = Vector3(1.25, 8.25, 1.25)

[node name="CSGBox3D56" type="CSGBox3D" parent="."]
transform = Transform3D(1, 0, 0, 0, 1, 0, 0, 0, 1, 3.5, 4.875, -104)
size = Vector3(1.25, 8.25, 1.25)

[node name="CSGBox3D60" type="CSGBox3D" parent="."]
transform = Transform3D(1, 0, 0, 0, 1, 0, 0, 0, 1, -3.5, 4.875, -104)
size = Vector3(1.25, 8.25, 1.25)

[node name="CSGBox3D57" type="CSGBox3D" parent="."]
transform = Transform3D(1, 0, 0, 0, 1, 0, 0, 0, 1, 6, 4.875, -112)
size = Vector3(1.25, 8.25, 1.25)

[node name="CSGBox3D61" type="CSGBox3D" parent="."]
transform = Transform3D(1, 0, 0, 0, 1, 0, 0, 0, 1, -6, 4.875, -112)
size = Vector3(1.25, 8.25, 1.25)

[node name="CSGBox3D58" type="CSGBox3D" parent="."]
transform = Transform3D(1, 0, 0, 0, 1, 0, 0, 0, 1, 3.5, 4.875, -120.5)
size = Vector3(1.25, 8.25, 1.25)

[node name="CSGBox3D62" type="CSGBox3D" parent="."]
transform = Transform3D(1, 0, 0, 0, 1, 0, 0, 0, 1, -3.5, 4.875, -120.5)
size = Vector3(1.25, 8.25, 1.25)
